led	x	y	z
0	14.407452	8.403903	11.15987
1	14.549904	8.442806	11.1057415
2	14.692354	8.4817095	11.051613
3	14.834806	8.520613	10.997483
4	14.977259	8.559516	10.943356
5	15.119711	8.598419	10.889226
6	15.262161	8.637322	10.835096
7	15.404613	8.676226	10.780968
8	15.547066	8.71513	10.726839
9	15.689516	8.754032	10.672709
10	15.831968	8.792935	10.61858
11	15.97442	8.831839	10.564451
12	16.11687	8.870743	10.510323
13	16.259323	8.909645	10.456194
14	16.401773	8.948547	10.402064
15	16.544226	8.987452	10.347935
16	16.686676	9.026355	10.293806
17	16.829128	9.065258	10.239677
18	16.97158	9.104161	10.185549
19	17.114033	9.1430645	10.131419
20	17.256485	9.181968	10.077291
21	17.398935	9.220871	10.023161
22	17.541388	9.259774	9.969032
23	17.683838	9.298677	9.914904
24	17.82629	9.337581	9.860774
25	17.96874	9.376484	9.806645
26	18.111193	9.415386	9.752517
27	18.253645	9.45429	9.698387
28	18.396097	9.493194	9.6442585
29	18.538548	9.532097	9.590129
30	15.766936	12.987904	11.214
31	15.716871	12.833807	11.214
32	15.666806	12.679709	11.214
33	15.616742	12.525614	11.214
34	15.566679	12.371517	11.214001
35	15.516613	12.21742	11.214
36	15.466549	12.063323	11.213999
37	15.416485	11.909225	11.214
38	15.366421	11.755129	11.214001
39	15.316356	11.601032	11.214
40	15.266291	11.446935	11.214
41	15.216227	11.292839	11.214
42	15.1661625	11.138742	11.214001
43	15.116097	10.984645	11.214
44	15.066032	10.830547	11.214
45	15.015968	10.676452	11.214
46	14.965904	10.522354	11.214
47	14.915838	10.368258	11.214
48	14.865774	10.214161	11.214
49	14.81571	10.060064	11.214
50	14.765646	9.905968	11.214
51	14.715582	9.751871	11.214
52	14.665516	9.5977745	11.214
53	14.615452	9.443678	11.213999
54	14.565388	9.28958	11.214
55	14.515323	9.135484	11.214
56	14.465259	8.981387	11.214
57	14.415194	8.827291	11.214
58	14.365129	8.673193	11.214
59	14.315064	8.519096	11.214
60			
61			
62			
63			
64	18.588614	9.686194	9.59013
65	18.496227	9.801387	9.6442585
66	18.40384	9.916581	9.698387
67	18.311451	10.031774	9.752517
68	18.219065	10.146968	9.806646
69	18.126678	10.262161	9.860774
70	18.03429	10.377355	9.914903
71	17.941904	10.492548	9.969032
72	17.849518	10.607742	10.023161
73	17.75713	10.722935	10.077291
74	17.664742	10.838129	10.131419
75	17.572355	10.953323	10.185549
76	17.479969	11.068517	10.239677
77	17.38758	11.18371	10.293806
78	17.295193	11.2989025	10.347935
79	17.202808	11.414097	10.402065
80	17.11042	11.529291	10.456194
81	17.018032	11.644484	10.510323
82	16.925646	11.759678	10.564451
83	16.83326	11.87487	10.618581
84	16.740871	11.990065	10.672709
85	16.648483	12.105258	10.726838
86	16.556097	12.220451	10.780968
87	16.46371	12.335646	10.835096
88	16.371323	12.450839	10.889226
89	16.278936	12.566032	10.943355
90	16.186548	12.681227	10.997483
91	16.094162	12.796419	11.051613
92	16.001774	12.911613	11.1057415
93	15.909388	13.026807	11.159871
94	11.884098	11.864581	11.974646
95	12.015194	11.907161	11.94929
96	12.146291	11.949741	11.923935
97	12.277388	11.992322	11.898581
98	12.408484	12.034904	11.873226
99	12.53958	12.077484	11.847871
100	12.670677	12.120064	11.8225155
101	12.801775	12.162645	11.797161
102	12.932872	12.205226	11.771807
103	13.063969	12.247807	11.746451
104	13.195065	12.290386	11.721096
105	13.326162	12.332968	11.695742
106	13.457258	12.375549	11.670387
107	13.588355	12.418129	11.645033
108	13.719452	12.460709	11.619677
109	13.85055	12.50329	11.594322
110	13.981646	12.545871	11.568968
111	14.112742	12.588451	11.5436125
112	14.243839	12.631032	11.518258
113	14.374936	12.673613	11.492903
114	14.506033	12.716193	11.467548
115	14.63713	12.758774	11.442193
116	14.768227	12.801354	11.416839
117	14.8993225	12.843936	11.391483
118	15.03042	12.886517	11.366129
119	15.161516	12.929097	11.340774
120	15.292613	12.971678	11.315418
121	15.42371	13.014258	11.290064
122	15.554807	13.056839	11.264709
123	15.685904	13.09942	11.239355
124			
125			
126			
127			
128	19.449389	14.177452	8.858582
129	19.423775	14.023904	8.881162
130	19.39816	13.870355	8.903742
131	19.37255	13.716806	8.926323
132	19.346935	13.563259	8.948904
133	19.321323	13.40971	8.971484
134	19.29571	13.256162	8.994064
135	19.270096	13.102613	9.016645
136	19.244484	12.949066	9.039227
137	19.218872	12.795517	9.061807
138	19.193258	12.641968	9.084387
139	19.167645	12.4884205	9.106968
140	19.142033	12.334872	9.129549
141	19.11642	12.181323	9.152129
142	19.090805	12.027774	9.174709
143	19.065193	11.874226	9.19729
144	19.039581	11.720677	9.2198715
145	19.013968	11.567129	9.242452
146	18.988354	11.413581	9.265033
147	18.962742	11.260033	9.287613
148	18.93713	11.106483	9.310194
149	18.911516	10.952936	9.332774
150	18.885902	10.799387	9.355355
151	18.86029	10.645839	9.377935
152	18.834679	10.4922905	9.4005165
153	18.809063	10.338742	9.423097
154	18.783451	10.185193	9.445678
155	18.75784	10.031646	9.468258
156	18.732227	9.878097	9.490839
157	18.706614	9.724548	9.513419
158	19.357	14.292646	8.91271
159	19.239002	14.254291	8.98942
160	19.121	14.215936	9.06613
161	19.003	14.177581	9.142839
162	18.885	14.139227	9.219549
163	18.767	14.100872	9.296258
164	18.649	14.062516	9.372968
165	18.531	14.024162	9.449677
166	18.413002	13.985807	9.526388
167	18.295	13.947453	9.603097
168	18.177	13.909097	9.679807
169	18.059	13.870743	9.7565155
170	17.941002	13.832388	9.833226
171	17.823	13.794033	9.909935
172	17.705	13.755677	9.986645
173	17.587002	13.717323	10.0633545
174	17.469002	13.678968	10.140064
175	17.351002	13.640614	10.216774
176	17.233002	13.602259	10.293484
177	17.115002	13.563904	10.3701935
178	16.997002	13.525549	10.446903
179	16.879002	13.487194	10.523613
180	16.761002	13.448838	10.600323
181	16.643002	13.410484	10.6770315
182	16.525002	13.372129	10.753742
183	16.407001	13.333775	10.830451
184	16.289001	13.29542	10.907161
185	16.171001	13.257065	10.9838705
186	16.053001	13.21871	11.06058
187	15.935	13.180355	11.13729
188			
189			
190			
191			
192	18.787615	9.613032	9.428259
193	18.894226	9.655065	9.320517
194	19.00084	9.697097	9.212774
195	19.10745	9.739128	9.105033
196	19.214066	9.781161	8.997292
197	19.320679	9.823194	8.889548
198	19.42729	9.865226	8.781806
199	19.533903	9.907258	8.674065
200	19.640516	9.949291	8.566323
201	19.74713	9.9913225	8.458581
202	19.85374	10.033355	8.350839
203	19.960354	10.075387	8.243097
204	20.066967	10.11742	8.135355
205	20.17358	10.1594515	8.027613
206	20.280193	10.201483	7.919871
207	20.386806	10.243516	7.812129
208	20.49342	10.285548	7.704387
209	20.600033	10.32758	7.5966454
210	20.706646	10.369613	7.488903
211	20.81326	10.411645	7.3811617
212	20.919872	10.453677	7.2734194
213	21.026484	10.495709	7.165677
214	21.133095	10.537742	7.0579357
215	21.23971	10.579774	6.9501934
216	21.346323	10.621806	6.8424516
217	21.452936	10.663838	6.73471
218	21.55955	10.70587	6.626968
219	21.66616	10.747903	6.519226
220	21.772774	10.789935	6.411484
221	21.879387	10.831967	6.3037424
222	21.905	10.985517	6.281162
223	21.824001	11.097032	6.3663225
224	21.743	11.208549	6.4514837
225	21.662	11.320064	6.5366454
226	21.581	11.431581	6.6218066
227	21.5	11.543097	6.706968
228	21.419	11.654613	6.792129
229	21.338	11.766129	6.8772907
230	21.257	11.8776455	6.962452
231	21.176	11.989161	7.047613
232	21.095	12.1006775	7.1327744
233	21.014	12.2121935	7.2179356
234	20.933	12.3237095	7.3030972
235	20.852001	12.4352255	7.3882585
236	20.771	12.5467415	7.473419
237	20.69	12.658258	7.5585814
238	20.609001	12.769774	7.643742
239	20.528	12.88129	7.728904
240	20.447	12.992807	7.814065
241	20.366001	13.104322	7.899226
242	20.285	13.215839	7.9843874
243	20.204	13.327355	8.069549
244	20.123001	13.438871	8.15471
245	20.042	13.550387	8.239872
246	19.961	13.661903	8.325032
247	19.88	13.773419	8.410194
248	19.799	13.884935	8.495356
249	19.718	13.996452	8.580517
250	19.637001	14.107968	8.665678
251	19.556	14.219484	8.750839
252			
253			
254			
255			
256	20.527454	6.6706777	6.3037424
257	20.465902	6.767355	6.411484
258	20.404354	6.864032	6.5192256
259	20.342808	6.9607096	6.626968
260	20.281258	7.0573874	6.7347097
261	20.21971	7.154064	6.8424516
262	20.158161	7.250742	6.9501934
263	20.096613	7.3474193	7.0579357
264	20.035065	7.444097	7.1656775
265	19.973516	7.5407743	7.2734194
266	19.911968	7.637451	7.381161
267	19.85042	7.734129	7.488903
268	19.788872	7.8308067	7.5966454
269	19.727324	7.927484	7.704387
270	19.665773	8.02416	7.812129
271	19.604225	8.120838	7.9198713
272	19.542677	8.217516	8.027613
273	19.481129	8.314194	8.135355
274	19.41958	8.4108715	8.243097
275	19.358032	8.507548	8.350839
276	19.296484	8.604225	8.458581
277	19.234936	8.700903	8.566322
278	19.173388	8.797581	8.674065
279	19.11184	8.8942585	8.781807
280	19.050291	8.990935	8.889548
281	18.98874	9.087613	8.997291
282	18.927193	9.18429	9.105033
283	18.865646	9.280968	9.212774
284	18.804098	9.3776455	9.320517
285	18.742548	9.474322	9.428258
286	21.940937	10.735291	6.1960006
287	21.895872	10.5965805	6.196
288	21.850805	10.4578705	6.1959996
289	21.805742	10.31916	6.196
290	21.760677	10.180451	6.196
291	21.715614	10.041742	6.196
292	21.670547	9.903031	6.196
293	21.625483	9.764322	6.196
294	21.58042	9.625613	6.196
295	21.535355	9.486902	6.196
296	21.49029	9.348193	6.196
297	21.445225	9.209484	6.196
298	21.400162	9.070774	6.196
299	21.355097	8.932064	6.196
300	21.310032	8.793354	6.196
301	21.264969	8.654645	6.196
302	21.219904	8.515936	6.196
303	21.174839	8.377226	6.196
304	21.129776	8.238516	6.196
305	21.08471	8.099806	6.196
306	21.039646	7.961097	6.196
307	20.994581	7.8223867	6.196
308	20.949516	7.683677	6.196
309	20.904451	7.5449677	6.196
310	20.859386	7.4062576	6.196
311	20.814323	7.2675486	6.196
312	20.769258	7.1288385	6.196
313	20.724194	6.990129	6.196
314	20.679129	6.8514194	6.196
315	20.634066	6.7127094	6.196
316			
317			
318			
319			
320	18.611452	9.431743	9.51342
321	18.541904	9.292483	9.490839
322	18.472355	9.153226	9.468258
323	18.402805	9.0139675	9.445678
324	18.33326	8.87471	9.423098
325	18.26371	8.735452	9.4005165
326	18.19416	8.596193	9.377935
327	18.124613	8.456936	9.355355
328	18.055065	8.317678	9.332775
329	17.985516	8.178419	9.310194
330	17.915966	8.039161	9.287613
331	17.846418	7.8999033	9.265033
332	17.77687	7.760646	9.242453
333	17.707321	7.621387	9.2198715
334	17.637774	7.482129	9.19729
335	17.568226	7.342871	9.17471
336	17.498676	7.2036133	9.152129
337	17.429129	7.064355	9.129549
338	17.359581	6.9250965	9.106968
339	17.290031	6.785839	9.084388
340	17.220484	6.6465807	9.061807
341	17.150936	6.507323	9.039227
342	17.081387	6.368065	9.016645
343	17.011839	6.228807	8.994065
344	16.94229	6.089548	8.971484
345	16.872742	5.95029	8.948904
346	16.803192	5.8110323	8.926323
347	16.733644	5.6717744	8.903743
348	16.664097	5.5325165	8.881162
349	16.594547	5.393258	8.858582
350	16.656097	5.2965813	8.750839
351	16.787193	5.3391614	8.665678
352	16.91829	5.3817415	8.580517
353	17.049387	5.4243226	8.495356
354	17.180485	5.4669037	8.410194
355	17.31158	5.509484	8.325032
356	17.442677	5.552065	8.239871
357	17.573774	5.5946455	8.15471
358	17.704872	5.637226	8.06955
359	17.835968	5.6798067	7.9843874
360	17.967064	5.7223873	7.899226
361	18.09816	5.764968	7.814065
362	18.22926	5.8075485	7.728904
363	18.360355	5.850129	7.643742
364	18.491451	5.8927097	7.558581
365	18.622547	5.9352903	7.473419
366	18.753647	5.977871	7.3882585
367	18.884743	6.0204515	7.3030972
368	19.015839	6.063032	7.2179356
369	19.146936	6.1056128	7.1327744
370	19.278032	6.1481934	7.047613
371	19.40913	6.190774	6.962452
372	19.540226	6.2333546	6.8772907
373	19.671322	6.275935	6.7921295
374	19.80242	6.3185163	6.706968
375	19.933517	6.3610964	6.621807
376	20.064613	6.4036775	6.5366454
377	20.19571	6.446258	6.4514837
378	20.326807	6.4888387	6.3663225
379	20.457905	6.5314193	6.281162
380			
381			
382			
383			
384	21.96181	15.001419	5.393742
385	21.962612	14.863839	5.420484
386	21.963419	14.726257	5.4472256
387	21.964226	14.588676	5.4739676
388	21.965034	14.4510975	5.50071
389	21.96584	14.313516	5.527452
390	21.966644	14.175936	5.5541935
391	21.967453	14.038355	5.5809355
392	21.96826	13.900774	5.607678
393	21.969065	13.763194	5.6344194
394	21.969872	13.625612	5.6611614
395	21.970678	13.488031	5.6879034
396	21.971485	13.350452	5.7146454
397	21.97229	13.212872	5.7413874
398	21.973095	13.07529	5.7681293
399	21.973904	12.93771	5.794871
400	21.974709	12.800129	5.8216133
401	21.975517	12.662548	5.8483553
402	21.976322	12.524967	5.875097
403	21.977129	12.387386	5.901839
404	21.977936	12.249805	5.9285808
405	21.978743	12.1122265	5.9553223
406	21.979548	11.974645	5.9820647
407	21.980356	11.837065	6.008806
408	21.981163	11.699484	6.035548
409	21.981968	11.561903	6.0622907
410	21.982775	11.424322	6.0890326
411	21.983582	11.286742	6.115774
412	21.984386	11.14916	6.142516
413	21.985193	11.01158	6.169258
414	21.880808	15.112936	5.4789033
415	21.800613	15.086871	5.5908065
416	21.720419	15.060806	5.7027097
417	21.640226	15.034741	5.814613
418	21.560034	15.008678	5.9265165
419	21.47984	14.982613	6.0384197
420	21.399645	14.956549	6.1503224
421	21.319452	14.930484	6.262226
422	21.23926	14.90442	6.3741293
423	21.159065	14.878355	6.4860325
424	21.07887	14.85229	6.5979357
425	20.998678	14.826225	6.709839
426	20.918484	14.800162	6.821742
427	20.838291	14.774097	6.9336452
428	20.758095	14.748032	7.0455484
429	20.677904	14.721968	7.1574516
430	20.59771	14.695904	7.269355
431	20.517517	14.66984	7.3812585
432	20.437323	14.643775	7.493161
433	20.35713	14.61771	7.605065
434	20.276936	14.591646	7.716968
435	20.196743	14.565581	7.8288713
436	20.116549	14.539516	7.9407744
437	20.036356	14.513453	8.052678
438	19.956161	14.487388	8.164581
439	19.875967	14.461323	8.2764845
440	19.795774	14.435259	8.388388
441	19.715582	14.409194	8.500291
442	19.635387	14.383129	8.612194
443	19.555193	14.357065	8.724097
444			
445			
446			
447			
448	20.507486	6.463194	6.1692586
449	20.425968	6.352387	6.142516
450	20.344452	6.2415805	6.115774
451	20.262936	6.130774	6.0890326
452	20.18142	6.019968	6.06229
453	20.099903	5.909161	6.035548
454	20.018387	5.7983546	6.008806
455	19.93687	5.687548	5.9820647
456	19.855356	5.576742	5.9553227
457	19.773838	5.4659357	5.9285808
458	19.692322	5.355129	5.901839
459	19.610807	5.244323	5.875097
460	19.529291	5.1335163	5.8483553
461	19.447775	5.02271	5.8216133
462	19.366257	4.911903	5.794871
463	19.284744	4.801097	5.7681293
464	19.203226	4.6902905	5.7413874
465	19.12171	4.579484	5.7146454
466	19.040194	4.4686775	5.6879034
467	18.958677	4.357871	5.6611614
468	18.877163	4.2470646	5.6344194
469	18.795647	4.136258	5.6076775
470	18.714128	4.0254517	5.5809355
471	18.632614	3.9146452	5.5541935
472	18.551098	3.8038385	5.527452
473	18.469582	3.6930323	5.5007095
474	18.388065	3.5822258	5.4739676
475	18.30655	3.4714193	5.447226
476	18.225033	3.3606129	5.420484
477	18.143517	3.2498066	5.393742
478			
479			
480			
481			
482			
483			
484			
485			
486			
487			
488			
489			
490			
491			
492			
493			
494			
495			
496			
497			
498			
499			
500			
501			
502			
503			
504			
505			
506			
507			
508			
509			
510			
511			
512	15.824033	13.289516	11.15987
513	15.831065	13.437033	11.1057415
514	15.838097	13.584548	11.051613
515	15.845129	13.732065	10.997483
516	15.852162	13.879581	10.943356
517	15.859194	14.027098	10.889226
518	15.866226	14.174613	10.835096
519	15.873259	14.322128	10.780968
520	15.880291	14.4696455	10.726839
521	15.887323	14.617161	10.672709
522	15.894355	14.764677	10.61858
523	15.901388	14.912193	10.564451
524	15.908421	15.05971	10.510323
525	15.915452	15.207226	10.456194
526	15.922483	15.354742	10.402064
527	15.929516	15.502258	10.347935
528	15.936548	15.649775	10.293806
529	15.943581	15.797291	10.239677
530	15.950613	15.944807	10.185549
531	15.957645	16.092323	10.131419
532	15.964678	16.23984	10.077291
533	15.97171	16.387356	10.023161
534	15.978743	16.534872	9.969032
535	15.985774	16.682386	9.914904
536	15.992806	16.829903	9.860774
537	15.999839	16.977419	9.806645
538	16.006872	17.124935	9.752517
539	16.013903	17.272451	9.698387
540	16.020935	17.41997	9.6442585
541	16.027967	17.567484	9.590129
542	11.884098	15.9997425	11.214
543	12.015194	15.904483	11.214
544	12.146291	15.809225	11.214
545	12.277388	15.713967	11.214
546	12.408484	15.61871	11.214001
547	12.53958	15.523451	11.214
548	12.670677	15.428193	11.213999
549	12.801775	15.332935	11.214
550	12.932872	15.237678	11.214001
551	13.063969	15.142418	11.214
552	13.195065	15.04716	11.214
553	13.326162	14.951903	11.214
554	13.457258	14.856646	11.214001
555	13.588355	14.761387	11.214
556	13.719452	14.666128	11.214
557	13.85055	14.570871	11.214
558	13.981646	14.475613	11.214
559	14.112742	14.380354	11.214
560	14.243839	14.285097	11.214
561	14.374936	14.189838	11.214
562	14.506033	14.09458	11.214
563	14.63713	13.999322	11.214
564	14.768227	13.904064	11.214
565	14.8993225	13.808807	11.213999
566	15.03042	13.713549	11.214
567	15.161516	13.618291	11.214
568	15.292613	13.523033	11.214
569	15.42371	13.427774	11.214
570	15.554807	13.332517	11.214
571	15.685904	13.237258	11.214
572			
573			
574			
575			
576	15.896872	17.662743	9.59013
577	15.758741	17.610485	9.6442585
578	15.620612	17.558226	9.698387
579	15.482484	17.505968	9.752517
580	15.344356	17.45371	9.806646
581	15.206226	17.401451	9.860774
582	15.068096	17.349194	9.914903
583	14.929968	17.296936	9.969032
584	14.79184	17.244678	10.023161
585	14.653709	17.19242	10.077291
586	14.515579	17.140162	10.131419
587	14.377452	17.087904	10.185549
588	14.239324	17.035645	10.239677
589	14.101194	16.983387	10.293806
590	13.963064	16.93113	10.347935
591	13.824936	16.878872	10.402065
592	13.686806	16.826612	10.456194
593	13.548677	16.774353	10.510323
594	13.410549	16.722095	10.564451
595	13.272419	16.669838	10.618581
596	13.134291	16.61758	10.672709
597	12.996161	16.565323	10.726838
598	12.858032	16.513063	10.780968
599	12.719903	16.460806	10.835096
600	12.581774	16.408548	10.889226
601	12.4436455	16.356289	10.943355
602	12.305517	16.304031	10.997483
603	12.167388	16.251774	11.051613
604	12.029259	16.199514	11.1057415
605	11.8911295	16.147259	11.159871
606	11.753001	11.959839	11.974646
607	11.753	12.097677	11.94929
608	11.753	12.235516	11.923935
609	11.753	12.373354	11.898581
610	11.753	12.511193	11.873226
611	11.753	12.649032	11.847871
612	11.752999	12.78687	11.8225155
613	11.753	12.924709	11.797161
614	11.753	13.062548	11.771807
615	11.753	13.200386	11.746451
616	11.753	13.338224	11.721096
617	11.753	13.476065	11.695742
618	11.753	13.613903	11.670387
619	11.753	13.751741	11.645033
620	11.753	13.88958	11.619677
621	11.753	14.027419	11.594322
622	11.753	14.165257	11.568968
623	11.753	14.303096	11.5436125
624	11.753	14.440935	11.518258
625	11.753	14.5787735	11.492903
626	11.753	14.716612	11.467548
627	11.753	14.854451	11.442193
628	11.753	14.99229	11.416839
629	11.753	15.130129	11.391483
630	11.753	15.267967	11.366129
631	11.753	15.405806	11.340774
632	11.753	15.543645	11.315418
633	11.753	15.681483	11.290064
634	11.753	15.819322	11.264709
635	11.753	15.957161	11.239355
636			
637			
638			
639			
640	11.8911295	19.869194	8.858582
641	12.029259	19.797386	8.881162
642	12.167387	19.72558	8.903742
643	12.305517	19.653774	8.926323
644	12.4436455	19.581968	8.948904
645	12.581774	19.51016	8.971484
646	12.719902	19.438354	8.994064
647	12.858032	19.366549	9.016645
648	12.996162	19.294743	9.039227
649	13.134291	19.222937	9.061807
650	13.272419	19.151129	9.084387
651	13.410549	19.079323	9.106968
652	13.548677	19.007517	9.129549
653	13.686806	18.93571	9.152129
654	13.824935	18.863903	9.174709
655	13.963064	18.792097	9.19729
656	14.101194	18.720291	9.2198715
657	14.239323	18.648483	9.242452
658	14.377452	18.576677	9.265033
659	14.51558	18.504871	9.287613
660	14.653709	18.433065	9.310194
661	14.791839	18.36126	9.332774
662	14.929968	18.289452	9.355355
663	15.068096	18.217646	9.377935
664	15.206226	18.145838	9.4005165
665	15.344355	18.074032	9.423097
666	15.482484	18.002226	9.445678
667	15.620612	17.93042	9.468258
668	15.758741	17.858614	9.490839
669	15.896871	17.786808	9.513419
670	11.753001	19.816936	8.91271
671	11.753	19.692871	8.98942
672	11.753	19.568806	9.06613
673	11.753	19.444742	9.142839
674	11.753	19.320679	9.219549
675	11.753	19.196613	9.296258
676	11.752999	19.072548	9.372968
677	11.753	18.948483	9.449677
678	11.753	18.824419	9.526388
679	11.753	18.700356	9.603097
680	11.753	18.57629	9.679807
681	11.753	18.452227	9.7565155
682	11.753	18.328161	9.833226
683	11.753	18.204098	9.909935
684	11.753	18.080032	9.986645
685	11.753	17.955967	10.0633545
686	11.753	17.831902	10.140064
687	11.753	17.707838	10.216774
688	11.753	17.583775	10.293484
689	11.753	17.45971	10.3701935
690	11.753	17.335644	10.446903
691	11.753	17.21158	10.523613
692	11.753	17.087515	10.600323
693	11.753	16.963451	10.6770315
694	11.753	16.839386	10.753742
695	11.753	16.715322	10.830451
696	11.753	16.591257	10.907161
697	11.753	16.467194	10.9838705
698	11.753	16.343128	11.06058
699	11.753	16.219065	11.13729
700			
701			
702			
703			
704	16.027967	17.829388	9.428259
705	16.020935	17.943775	9.320517
706	16.013903	18.05816	9.212774
707	16.006872	18.172548	9.105033
708	15.99984	18.286936	8.997292
709	15.992806	18.401321	8.889548
710	15.985774	18.515709	8.781806
711	15.978743	18.630096	8.674065
712	15.97171	18.744484	8.566323
713	15.964678	18.858871	8.458581
714	15.957644	18.973259	8.350839
715	15.950613	19.087646	8.243097
716	15.943582	19.202034	8.135355
717	15.936548	19.31642	8.027613
718	15.929516	19.430805	7.919871
719	15.922484	19.545193	7.812129
720	15.915452	19.65958	7.704387
721	15.908421	19.773968	7.5966454
722	15.901388	19.888355	7.488903
723	15.894356	20.002743	7.3811617
724	15.887323	20.117128	7.2734194
725	15.880291	20.231516	7.165677
726	15.873259	20.345903	7.0579357
727	15.866226	20.46029	6.9501934
728	15.859194	20.574677	6.8424516
729	15.852161	20.689064	6.73471
730	15.845129	20.803452	6.626968
731	15.838098	20.91784	6.519226
732	15.831065	21.032225	6.411484
733	15.824033	21.146614	6.3037424
734	15.6859045	21.218418	6.281162
735	15.554807	21.175838	6.3663225
736	15.42371	21.133257	6.4514837
737	15.292613	21.090677	6.5366454
738	15.161517	21.048096	6.6218066
739	15.03042	21.005516	6.706968
740	14.8993225	20.962934	6.792129
741	14.768227	20.920355	6.8772907
742	14.637131	20.877775	6.962452
743	14.506033	20.835194	7.047613
744	14.374935	20.792612	7.1327744
745	14.243839	20.750032	7.2179356
746	14.112743	20.70745	7.3030972
747	13.981646	20.664871	7.3882585
748	13.850549	20.62229	7.473419
749	13.719452	20.579708	7.5585814
750	13.588355	20.537128	7.643742
751	13.457258	20.494549	7.728904
752	13.326162	20.45197	7.814065
753	13.195065	20.409388	7.899226
754	13.063969	20.366806	7.9843874
755	12.932871	20.324226	8.069549
756	12.801775	20.281645	8.15471
757	12.670677	20.239065	8.239872
758	12.53958	20.196484	8.325032
759	12.408484	20.153902	8.410194
760	12.277388	20.111322	8.495356
761	12.146291	20.06874	8.580517
762	12.015194	20.026161	8.665678
763	11.884097	19.98358	8.750839
764			
765			
766			
767			
768	19.364033	18.574356	6.3037424
769	19.253065	18.54571	6.411484
770	19.142097	18.517065	6.5192256
771	19.03113	18.48842	6.626968
772	18.920162	18.459776	6.7347097
773	18.809195	18.43113	6.8424516
774	18.698225	18.402485	6.9501934
775	18.587257	18.373838	7.0579357
776	18.476292	18.345196	7.1656775
777	18.365322	18.31655	7.2734194
778	18.254354	18.287903	7.381161
779	18.143387	18.259258	7.488903
780	18.032421	18.230614	7.5966454
781	17.921452	18.20197	7.704387
782	17.810484	18.173323	7.812129
783	17.699516	18.144678	7.9198713
784	17.588549	18.116032	8.027613
785	17.477581	18.087387	8.135355
786	17.366613	18.058743	8.243097
787	17.255646	18.030098	8.350839
788	17.144676	18.001453	8.458581
789	17.03371	17.972807	8.566322
790	16.92274	17.944162	8.674065
791	16.811775	17.915516	8.781807
792	16.700806	17.886871	8.889548
793	16.58984	17.858227	8.997291
794	16.47887	17.82958	9.105033
795	16.367903	17.800936	9.212774
796	16.256935	17.772291	9.320517
797	16.145967	17.743647	9.428258
798	15.935001	21.175259	6.1960006
799	16.053001	21.089516	6.196
800	16.171	21.003775	6.1959996
801	16.289001	20.918032	6.196
802	16.407001	20.83229	6.196
803	16.525002	20.746548	6.196
804	16.643	20.660807	6.196
805	16.761002	20.575064	6.196
806	16.879002	20.489323	6.196
807	16.997002	20.40358	6.196
808	17.115	20.317839	6.196
809	17.233002	20.232098	6.196
810	17.351002	20.146355	6.196
811	17.469002	20.060612	6.196
812	17.587	19.97487	6.196
813	17.705	19.88913	6.196
814	17.823	19.803387	6.196
815	17.941	19.717644	6.196
816	18.059	19.631905	6.196
817	18.177	19.546162	6.196
818	18.295	19.460419	6.196
819	18.413	19.374678	6.196
820	18.531	19.288937	6.196
821	18.649	19.203194	6.196
822	18.767	19.117453	6.196
823	18.885	19.03171	6.196
824	19.003	18.945969	6.196
825	19.121	18.860226	6.196
826	19.239002	18.774485	6.196
827	19.356998	18.688742	6.196
828			
829			
830			
831			
832	16.145967	17.605839	9.51342
833	16.256935	17.49668	9.490839
834	16.367903	17.387516	9.468258
835	16.47887	17.278355	9.445678
836	16.58984	17.169193	9.423098
837	16.700806	17.060032	9.4005165
838	16.811773	16.95087	9.377935
839	16.92274	16.841711	9.355355
840	17.03371	16.73255	9.332775
841	17.144676	16.623388	9.310194
842	17.255644	16.514225	9.287613
843	17.366613	16.405066	9.265033
844	17.477581	16.295904	9.242453
845	17.588549	16.186743	9.2198715
846	17.699516	16.07758	9.19729
847	17.810484	15.96842	9.17471
848	17.921452	15.859259	9.152129
849	18.03242	15.750097	9.129549
850	18.143387	15.640936	9.106968
851	18.254354	15.5317745	9.084388
852	18.365322	15.422613	9.061807
853	18.476292	15.313452	9.039227
854	18.587257	15.20429	9.016645
855	18.698227	15.095129	8.994065
856	18.809195	14.985968	8.971484
857	18.92016	14.876807	8.948904
858	19.03113	14.767646	8.926323
859	19.142097	14.658484	8.903743
860	19.253065	14.549323	8.881162
861	19.36403	14.440162	8.858582
862	19.475	14.468807	8.750839
863	19.475002	14.606613	8.665678
864	19.475	14.744419	8.580517
865	19.475	14.882226	8.495356
866	19.475	15.020033	8.410194
867	19.475	15.157839	8.325032
868	19.475	15.295645	8.239871
869	19.475	15.433453	8.15471
870	19.475	15.571259	8.06955
871	19.475	15.709065	7.9843874
872	19.475	15.846871	7.899226
873	19.475	15.984678	7.814065
874	19.475	16.122486	7.728904
875	19.475	16.26029	7.643742
876	19.474998	16.398096	7.558581
877	19.475	16.535904	7.473419
878	19.475	16.67371	7.3882585
879	19.475	16.811516	7.3030972
880	19.475	16.949324	7.2179356
881	19.475	17.08713	7.1327744
882	19.475	17.224936	7.047613
883	19.475	17.362743	6.962452
884	19.475	17.50055	6.8772907
885	19.475	17.638355	6.7921295
886	19.475	17.776163	6.706968
887	19.474998	17.913967	6.621807
888	19.475	18.051775	6.5366454
889	19.475	18.18958	6.4514837
890	19.475002	18.327389	6.3663225
891	19.475	18.465193	6.281162
892			
893			
894			
895			
896	11.884098	22.51326	5.393742
897	12.015194	22.471516	5.420484
898	12.146291	22.429773	5.4472256
899	12.277388	22.388033	5.4739676
900	12.408484	22.34629	5.50071
901	12.53958	22.304548	5.527452
902	12.670677	22.262806	5.5541935
903	12.801775	22.221066	5.5809355
904	12.932872	22.179323	5.607678
905	13.063969	22.13758	5.6344194
906	13.195065	22.095839	5.6611614
907	13.326162	22.054096	5.6879034
908	13.457258	22.012356	5.7146454
909	13.588355	21.970613	5.7413874
910	13.719452	21.928871	5.7681293
911	13.85055	21.88713	5.794871
912	13.981646	21.845387	5.8216133
913	14.112742	21.803646	5.8483553
914	14.243839	21.761902	5.875097
915	14.374936	21.720161	5.901839
916	14.506033	21.67842	5.9285808
917	14.63713	21.636677	5.9553223
918	14.768227	21.594934	5.9820647
919	14.8993225	21.553194	6.008806
920	15.03042	21.511452	6.035548
921	15.161516	21.46971	6.0622907
922	15.292613	21.427967	6.0890326
923	15.42371	21.386227	6.115774
924	15.554807	21.344484	6.142516
925	15.685904	21.302742	6.169258
926	11.753001	22.470678	5.4789033
927	11.753	22.386354	5.5908065
928	11.753	22.30203	5.7027097
929	11.753	22.21771	5.814613
930	11.753	22.133387	5.9265165
931	11.753	22.049065	6.0384197
932	11.752999	21.96474	6.1503224
933	11.753	21.88042	6.262226
934	11.753	21.796097	6.3741293
935	11.753	21.711775	6.4860325
936	11.753	21.62745	6.5979357
937	11.753	21.543129	6.709839
938	11.753	21.458807	6.821742
939	11.753	21.374485	6.9336452
940	11.753	21.290161	7.0455484
941	11.753	21.20584	7.1574516
942	11.753	21.121517	7.269355
943	11.753	21.037193	7.3812585
944	11.753	20.952871	7.493161
945	11.753	20.86855	7.605065
946	11.753	20.784225	7.716968
947	11.753	20.699903	7.8288713
948	11.753	20.61558	7.9407744
949	11.753	20.531258	8.052678
950	11.753	20.446936	8.164581
951	11.753	20.362612	8.2764845
952	11.753	20.27829	8.388388
953	11.753	20.193968	8.500291
954	11.753	20.109646	8.612194
955	11.753	20.025322	8.724097
956			
957			
958			
959			
960	19.555195	18.49126	6.1692586
961	19.635387	18.379517	6.142516
962	19.71558	18.267775	6.115774
963	19.795774	18.156033	6.0890326
964	19.875969	18.04429	6.06229
965	19.956161	17.932549	6.035548
966	20.036354	17.820807	6.008806
967	20.116549	17.709064	5.9820647
968	20.196743	17.597324	5.9553227
969	20.276936	17.48558	5.9285808
970	20.357128	17.373838	5.901839
971	20.437323	17.262096	5.875097
972	20.517517	17.150356	5.8483553
973	20.59771	17.038612	5.8216133
974	20.677902	16.92687	5.794871
975	20.758097	16.81513	5.7681293
976	20.838291	16.703388	5.7413874
977	20.918484	16.591646	5.7146454
978	20.998678	16.479904	5.6879034
979	21.078873	16.368162	5.6611614
980	21.159065	16.25642	5.6344194
981	21.239258	16.144678	5.6076775
982	21.319452	16.032936	5.5809355
983	21.399645	15.921194	5.5541935
984	21.47984	15.809452	5.527452
985	21.560032	15.69771	5.5007095
986	21.640226	15.585967	5.4739676
987	21.720419	15.474226	5.447226
988	21.800613	15.362484	5.420484
989	21.880808	15.250742	5.393742
990			
991			
992			
993			
994			
995			
996			
997			
998			
999			
1000			
1001			
1002			
1003			
1004			
1005			
1006			
1007			
1008			
1009			
1010			
1011			
1012			
1013			
1014			
1015			
1016			
1017			
1018			
1019			
1020			
1021			
1022			
1023			
1024	11.614872	16.147259	11.15987
1025	11.476743	16.199514	11.1057415
1026	11.338613	16.251774	11.051613
1027	11.200484	16.304031	10.997483
1028	11.062355	16.35629	10.943356
1029	10.924226	16.408548	10.889226
1030	10.786097	16.460806	10.835096
1031	10.647968	16.513063	10.780968
1032	10.509839	16.565323	10.726839
1033	10.37171	16.61758	10.672709
1034	10.233581	16.669838	10.61858
1035	10.095452	16.722095	10.564451
1036	9.957323	16.774355	10.510323
1037	9.819194	16.826612	10.456194
1038	9.681065	16.878872	10.402064
1039	9.542936	16.93113	10.347935
1040	9.404806	16.983387	10.293806
1041	9.266678	17.035645	10.239677
1042	9.128548	17.087904	10.185549
1043	8.990419	17.140162	10.131419
1044	8.852291	17.19242	10.077291
1045	8.714162	17.244678	10.023161
1046	8.576033	17.296936	9.969032
1047	8.437903	17.349194	9.914904
1048	8.299774	17.401451	9.860774
1049	8.161645	17.453709	9.806645
1050	8.023516	17.505968	9.752517
1051	7.8853874	17.558226	9.698387
1052	7.747258	17.610485	9.6442585
1053	7.6091294	17.662743	9.590129
1054	7.8210645	13.237259	11.214
1055	7.952129	13.332517	11.214
1056	8.083194	13.427774	11.214
1057	8.214258	13.523033	11.214
1058	8.345324	13.618291	11.214001
1059	8.476387	13.713549	11.214
1060	8.607451	13.808806	11.213999
1061	8.738516	13.904064	11.214
1062	8.869581	13.999323	11.214001
1063	9.000645	14.09458	11.214
1064	9.13171	14.189838	11.214
1065	9.2627735	14.285097	11.214
1066	9.393839	14.380355	11.214001
1067	9.524903	14.475613	11.214
1068	9.655968	14.57087	11.214
1069	9.787032	14.666129	11.214
1070	9.918097	14.761387	11.214
1071	10.049162	14.856645	11.214
1072	10.180226	14.951903	11.214
1073	10.311291	15.047161	11.214
1074	10.442355	15.142418	11.214
1075	10.57342	15.237677	11.214
1076	10.704484	15.332935	11.214
1077	10.835548	15.428194	11.213999
1078	10.966613	15.523451	11.214
1079	11.097678	15.618709	11.214
1080	11.228743	15.713967	11.214
1081	11.359807	15.809225	11.214
1082	11.490871	15.904483	11.214
1083	11.621936	15.999742	11.214
1084			
1085			
1086			
1087			
1088	7.478065	17.567484	9.59013
1089	7.4851294	17.41997	9.6442585
1090	7.4921937	17.272451	9.698387
1091	7.499258	17.124935	9.752517
1092	7.506323	16.977419	9.806646
1093	7.513387	16.829903	9.860774
1094	7.5204515	16.682386	9.914903
1095	7.5275164	16.534872	9.969032
1096	7.534581	16.387356	10.023161
1097	7.5416455	16.23984	10.077291
1098	7.54871	16.092323	10.131419
1099	7.555774	15.944807	10.185549
1100	7.562839	15.797291	10.239677
1101	7.5699034	15.649775	10.293806
1102	7.5769677	15.502258	10.347935
1103	7.5840325	15.354742	10.402065
1104	7.591097	15.207226	10.456194
1105	7.5981617	15.05971	10.510323
1106	7.6052256	14.912193	10.564451
1107	7.6122904	14.764677	10.618581
1108	7.619355	14.617161	10.672709
1109	7.6264195	14.469645	10.726838
1110	7.633484	14.322128	10.780968
1111	7.6405487	14.174614	10.835096
1112	7.647613	14.027098	10.889226
1113	7.6546774	13.879581	10.943355
1114	7.661742	13.732065	10.997483
1115	7.6688066	13.584549	11.051613
1116	7.675871	13.437033	11.1057415
1117	7.6829357	13.289516	11.159871
1118	11.621937	11.864581	11.974646
1119	11.490871	11.907161	11.94929
1120	11.359806	11.949741	11.923935
1121	11.228743	11.992322	11.898581
1122	11.097677	12.034904	11.873226
1123	10.966613	12.077484	11.847871
1124	10.835548	12.120064	11.8225155
1125	10.704484	12.162645	11.797161
1126	10.57342	12.205226	11.771807
1127	10.442355	12.247807	11.746451
1128	10.311291	12.290386	11.721096
1129	10.180226	12.332968	11.695742
1130	10.049162	12.375549	11.670387
1131	9.918097	12.418129	11.645033
1132	9.787032	12.460709	11.619677
1133	9.655968	12.50329	11.594322
1134	9.524903	12.545871	11.568968
1135	9.393839	12.588451	11.5436125
1136	9.2627735	12.631032	11.518258
1137	9.13171	12.673613	11.492903
1138	9.000645	12.716193	11.467548
1139	8.869581	12.758774	11.442193
1140	8.738516	12.801354	11.416839
1141	8.607452	12.843936	11.391483
1142	8.476387	12.886517	11.366129
1143	8.345323	12.929097	11.340774
1144	8.214258	12.971678	11.315418
1145	8.083194	13.014258	11.290064
1146	7.952129	13.056839	11.264709
1147	7.821065	13.09942	11.239355
1148			
1149			
1150			
1151			
1152	4.1429358	14.440162	8.858582
1153	4.253871	14.549323	8.881162
1154	4.364806	14.6584835	8.903742
1155	4.4757423	14.767646	8.926323
1156	4.5866776	14.876807	8.948904
1157	4.697613	14.985968	8.971484
1158	4.8085485	15.095129	8.994064
1159	4.919484	15.20429	9.016645
1160	5.0304193	15.313453	9.039227
1161	5.141355	15.422613	9.061807
1162	5.2522902	15.5317745	9.084387
1163	5.363226	15.640936	9.106968
1164	5.474161	15.750097	9.129549
1165	5.585097	15.859259	9.152129
1166	5.6960325	15.96842	9.174709
1167	5.8069677	16.077581	9.19729
1168	5.9179034	16.186743	9.2198715
1169	6.0288386	16.295904	9.242452
1170	6.1397743	16.405066	9.265033
1171	6.25071	16.514227	9.287613
1172	6.3616457	16.623388	9.310194
1173	6.472581	16.73255	9.332774
1174	6.583516	16.841711	9.355355
1175	6.694452	16.95087	9.377935
1176	6.805387	17.060032	9.4005165
1177	6.9163227	17.169193	9.423097
1178	7.027258	17.278355	9.445678
1179	7.1381936	17.387516	9.468258
1180	7.2491293	17.49668	9.490839
1181	7.3600645	17.605839	9.513419
1182	7.572	13.180356	11.13729
1183	7.454	13.21871	11.06058
1184	7.336	13.257065	10.9838705
1185	7.218	13.29542	10.907161
1186	7.1000004	13.3337755	10.830452
1187	6.982	13.372129	10.753742
1188	6.864	13.410484	10.6770315
1189	6.7460003	13.448838	10.600323
1190	6.6280003	13.487194	10.523613
1191	6.51	13.525549	10.446903
1192	6.392	13.563903	10.3701935
1193	6.274	13.602259	10.293484
1194	6.1560006	13.640614	10.216775
1195	6.038	13.678968	10.140064
1196	5.92	13.717322	10.0633545
1197	5.802	13.755678	9.986645
1198	5.684	13.794033	9.909935
1199	5.566	13.832388	9.833226
1200	5.448	13.870743	9.7565155
1201	5.33	13.909098	9.679807
1202	5.212	13.947453	9.603097
1203	5.094	13.985807	9.526388
1204	4.976	14.024162	9.449677
1205	4.8580003	14.062517	9.372969
1206	4.74	14.100872	9.296258
1207	4.622	14.139226	9.219549
1208	4.504	14.177581	9.142839
1209	4.386	14.215936	9.06613
1210	4.268	14.254291	8.98942
1211	4.15	14.292645	8.91271
1212			
1213			
1214			
1215			
1216	7.360065	17.743647	9.428259
1217	7.2491293	17.772291	9.320517
1218	7.1381936	17.800936	9.212774
1219	7.027258	17.82958	9.105033
1220	6.9163227	17.858227	8.997292
1221	6.805387	17.886871	8.889548
1222	6.6944513	17.915516	8.781806
1223	6.583516	17.944162	8.674065
1224	6.472581	17.972807	8.566323
1225	6.3616457	18.001453	8.458581
1226	6.2507095	18.030098	8.350839
1227	6.1397743	18.058743	8.243097
1228	6.028839	18.087387	8.135355
1229	5.9179034	18.116032	8.027613
1230	5.8069677	18.144676	7.919871
1231	5.6960325	18.173323	7.812129
1232	5.585097	18.20197	7.704387
1233	5.474161	18.230614	7.5966454
1234	5.363226	18.259258	7.488903
1235	5.2522907	18.287905	7.3811617
1236	5.141355	18.31655	7.2734194
1237	5.0304193	18.345194	7.165677
1238	4.919484	18.373838	7.0579357
1239	4.808549	18.402485	6.9501934
1240	4.697613	18.43113	6.8424516
1241	4.5866776	18.459774	6.73471
1242	4.4757423	18.48842	6.626968
1243	4.3648067	18.517065	6.519226
1244	4.253871	18.54571	6.411484
1245	4.1429358	18.574356	6.3037424
1246	4.032	18.465195	6.281162
1247	4.032	18.327389	6.3663225
1248	4.032	18.18958	6.4514837
1249	4.032	18.051775	6.5366454
1250	4.032	17.913969	6.6218066
1251	4.032	17.776163	6.706968
1252	4.032	17.638355	6.792129
1253	4.032	17.50055	6.8772907
1254	4.032	17.362743	6.962452
1255	4.032	17.224936	7.047613
1256	4.0319996	17.08713	7.1327744
1257	4.032	16.949324	7.2179356
1258	4.032	16.811518	7.3030972
1259	4.032	16.67371	7.3882585
1260	4.032	16.535904	7.473419
1261	4.032	16.398098	7.5585814
1262	4.032	16.26029	7.643742
1263	4.032	16.122484	7.728904
1264	4.032	15.984678	7.814065
1265	4.032	15.846872	7.899226
1266	4.032	15.709065	7.9843874
1267	4.032	15.571259	8.069549
1268	4.032	15.433453	8.15471
1269	4.032	15.295646	8.239872
1270	4.032	15.157839	8.325032
1271	4.032	15.020033	8.410194
1272	4.032	14.882226	8.495356
1273	4.032	14.74442	8.580517
1274	4.032	14.606613	8.665678
1275	4.032	14.468807	8.750839
1276			
1277			
1278			
1279			
1280	7.6829357	21.146612	6.3037424
1281	7.675871	21.032225	6.411484
1282	7.6688066	20.91784	6.5192256
1283	7.661742	20.803452	6.626968
1284	7.654678	20.689064	6.7347097
1285	7.647613	20.574677	6.8424516
1286	7.6405487	20.460289	6.9501934
1287	7.633484	20.345903	7.0579357
1288	7.62642	20.231518	7.1656775
1289	7.619355	20.117128	7.2734194
1290	7.6122904	20.002743	7.381161
1291	7.6052256	19.888355	7.488903
1292	7.5981617	19.773968	7.5966454
1293	7.591097	19.65958	7.704387
1294	7.584032	19.545193	7.812129
1295	7.5769677	19.430805	7.9198713
1296	7.5699034	19.31642	8.027613
1297	7.5628386	19.202032	8.135355
1298	7.555774	19.087646	8.243097
1299	7.54871	18.973259	8.350839
1300	7.5416455	18.858871	8.458581
1301	7.534581	18.744484	8.566322
1302	7.5275164	18.630096	8.674065
1303	7.5204515	18.515709	8.781807
1304	7.513387	18.401321	8.889548
1305	7.506323	18.286936	8.997291
1306	7.499258	18.172548	9.105033
1307	7.4921937	18.05816	9.212774
1308	7.4851294	17.943775	9.320517
1309	7.4780645	17.829388	9.428258
1310	4.15	18.688744	6.1960006
1311	4.268	18.774485	6.196
1312	4.3859997	18.860226	6.1959996
1313	4.504	18.945969	6.196
1314	4.622	19.031712	6.196
1315	4.74	19.117453	6.196
1316	4.858	19.203194	6.196
1317	4.976	19.288937	6.196
1318	5.094	19.37468	6.196
1319	5.212	19.460419	6.196
1320	5.33	19.546162	6.196
1321	5.448	19.631905	6.196
1322	5.566	19.717648	6.196
1323	5.684	19.803387	6.196
1324	5.802	19.88913	6.196
1325	5.92	19.974873	6.196
1326	6.038	20.060612	6.196
1327	6.156	20.146355	6.196
1328	6.274	20.232098	6.196
1329	6.392	20.317839	6.196
1330	6.51	20.40358	6.196
1331	6.6280003	20.489323	6.196
1332	6.7460003	20.575064	6.196
1333	6.8640003	20.660807	6.196
1334	6.982	20.746548	6.196
1335	7.1000004	20.83229	6.196
1336	7.218	20.918032	6.196
1337	7.336	21.003775	6.196
1338	7.454	21.089516	6.196
1339	7.572	21.175259	6.196
1340			
1341			
1342			
1343			
1344	7.6091294	17.786806	9.51342
1345	7.747258	17.858614	9.490839
1346	7.8853874	17.930418	9.468258
1347	8.023516	18.002226	9.445678
1348	8.161646	18.074032	9.423098
1349	8.299774	18.145838	9.4005165
1350	8.437903	18.217644	9.377935
1351	8.576033	18.289452	9.355355
1352	8.714162	18.36126	9.332775
1353	8.852291	18.433065	9.310194
1354	8.990419	18.504871	9.287613
1355	9.128548	18.576677	9.265033
1356	9.266678	18.648483	9.242453
1357	9.404806	18.720291	9.2198715
1358	9.542935	18.792095	9.19729
1359	9.681065	18.863903	9.17471
1360	9.819194	18.93571	9.152129
1361	9.957323	19.007515	9.129549
1362	10.095452	19.079323	9.106968
1363	10.233581	19.151129	9.084388
1364	10.37171	19.222937	9.061807
1365	10.509838	19.294743	9.039227
1366	10.647968	19.366549	9.016645
1367	10.786097	19.438354	8.994065
1368	10.924226	19.51016	8.971484
1369	11.062355	19.581966	8.948904
1370	11.200484	19.653774	8.926323
1371	11.3386135	19.72558	8.903743
1372	11.476743	19.797386	8.881162
1373	11.614871	19.869194	8.858582
1374	11.621937	19.983582	8.750839
1375	11.490871	20.026161	8.665678
1376	11.359806	20.06874	8.580517
1377	11.228743	20.111322	8.495356
1378	11.097677	20.153904	8.410194
1379	10.966613	20.196484	8.325032
1380	10.835548	20.239063	8.239871
1381	10.704484	20.281645	8.15471
1382	10.57342	20.324226	8.06955
1383	10.442355	20.366806	7.9843874
1384	10.311291	20.409386	7.899226
1385	10.180226	20.45197	7.814065
1386	10.049162	20.494549	7.728904
1387	9.918097	20.537128	7.643742
1388	9.787032	20.579708	7.558581
1389	9.655968	20.622292	7.473419
1390	9.524903	20.664871	7.3882585
1391	9.393839	20.70745	7.3030972
1392	9.2627735	20.750032	7.2179356
1393	9.13171	20.792614	7.1327744
1394	9.000645	20.835194	7.047613
1395	8.869581	20.877773	6.962452
1396	8.738516	20.920355	6.8772907
1397	8.607452	20.962936	6.7921295
1398	8.476387	21.005516	6.706968
1399	8.345323	21.048098	6.621807
1400	8.214258	21.090677	6.5366454
1401	8.083194	21.133259	6.4514837
1402	7.952129	21.175838	6.3663225
1403	7.821065	21.21842	6.281162
1404			
1405			
1406			
1407			
1408	1.6252258	15.250742	5.393742
1409	1.7054515	15.362484	5.420484
1410	1.7856773	15.474225	5.4472256
1411	1.8659033	15.585967	5.4739676
1412	1.9461291	15.69771	5.50071
1413	2.0263548	15.809452	5.527452
1414	2.1065805	15.921194	5.5541935
1415	2.1868064	16.032936	5.5809355
1416	2.2670321	16.144678	5.607678
1417	2.347258	16.25642	5.6344194
1418	2.4274838	16.36816	5.6611614
1419	2.5077097	16.479904	5.6879034
1420	2.5879354	16.591646	5.7146454
1421	2.6681614	16.703388	5.7413874
1422	2.7483869	16.815128	5.7681293
1423	2.8286128	16.92687	5.794871
1424	2.9088387	17.038612	5.8216133
1425	2.9890645	17.150354	5.8483553
1426	3.0692904	17.262096	5.875097
1427	3.149516	17.37384	5.901839
1428	3.229742	17.48558	5.9285808
1429	3.3099675	17.597324	5.9553223
1430	3.3901935	17.709064	5.9820647
1431	3.4704194	17.820807	6.008806
1432	3.550645	17.932549	6.035548
1433	3.630871	18.04429	6.0622907
1434	3.711097	18.156033	6.0890326
1435	3.7913225	18.267775	6.115774
1436	3.8715484	18.379517	6.142516
1437	3.9517741	18.491259	6.169258
1438	3.9517744	14.357065	8.724097
1439	3.8715484	14.383129	8.612194
1440	3.7913225	14.409193	8.500291
1441	3.711097	14.435259	8.388388
1442	3.630871	14.461324	8.2764845
1443	3.550645	14.487388	8.164581
1444	3.4704194	14.513452	8.052678
1445	3.3901935	14.539516	7.9407744
1446	3.3099678	14.565582	7.8288717
1447	3.229742	14.591646	7.716968
1448	3.149516	14.61771	7.605065
1449	3.0692904	14.643775	7.493161
1450	2.9890647	14.66984	7.381259
1451	2.9088387	14.695904	7.269355
1452	2.8286128	14.721968	7.1574516
1453	2.748387	14.748033	7.0455484
1454	2.6681614	14.774097	6.9336452
1455	2.5879354	14.800161	6.821742
1456	2.5077097	14.826225	6.709839
1457	2.4274838	14.852291	6.5979357
1458	2.347258	14.878355	6.4860325
1459	2.2670321	14.904419	6.3741293
1460	2.1868064	14.930484	6.262226
1461	2.1065807	14.956549	6.150323
1462	2.0263548	14.982613	6.0384197
1463	1.9461291	15.0086775	5.9265165
1464	1.8659033	15.034741	5.814613
1465	1.7856774	15.060806	5.70271
1466	1.7054515	15.086871	5.5908065
1467	1.6252258	15.112935	5.478904
1468			
1469			
1470			
1471			
1472	7.8210645	21.302742	6.1692586
1473	7.952129	21.344484	6.142516
1474	8.083194	21.386225	6.115774
1475	8.214258	21.427967	6.0890326
1476	8.345324	21.46971	6.06229
1477	8.476387	21.511452	6.035548
1478	8.607451	21.553192	6.008806
1479	8.738516	21.594934	5.9820647
1480	8.869581	21.636679	5.9553227
1481	9.000645	21.67842	5.9285808
1482	9.13171	21.720161	5.901839
1483	9.2627735	21.761902	5.875097
1484	9.393839	21.803646	5.8483553
1485	9.524903	21.845387	5.8216133
1486	9.655968	21.887129	5.794871
1487	9.787032	21.928871	5.7681293
1488	9.918097	21.970613	5.7413874
1489	10.049162	22.012356	5.7146454
1490	10.180226	22.054096	5.6879034
1491	10.311291	22.095839	5.6611614
1492	10.442355	22.13758	5.6344194
1493	10.57342	22.179321	5.6076775
1494	10.704484	22.221066	5.5809355
1495	10.835548	22.262806	5.5541935
1496	10.966613	22.304548	5.527452
1497	11.097678	22.34629	5.5007095
1498	11.228743	22.388033	5.4739676
1499	11.359807	22.429773	5.447226
1500	11.490871	22.471516	5.420484
1501	11.621936	22.513258	5.393742
1502			
1503			
1504			
1505			
1506			
1507			
1508			
1509			
1510			
1511			
1512			
1513			
1514			
1515			
1516			
1517			
1518			
1519			
1520			
1521			
1522			
1523			
1524			
1525			
1526			
1527			
1528			
1529			
1530			
1531			
1532			
1533			
1534			
1535			
1536	7.597581	13.026807	11.15987
1537	7.5051613	12.911613	11.1057415
1538	7.412742	12.796419	11.051613
1539	7.3203225	12.681227	10.997483
1540	7.227904	12.566033	10.943356
1541	7.1354837	12.450839	10.889226
1542	7.0430646	12.335646	10.835096
1543	6.950645	12.220451	10.780968
1544	6.8582263	12.105259	10.726839
1545	6.765806	11.990065	10.672709
1546	6.673387	11.87487	10.61858
1547	6.580968	11.759678	10.564451
1548	6.4885488	11.6444845	10.510323
1549	6.3961287	11.529291	10.456194
1550	6.3037095	11.414097	10.402064
1551	6.2112904	11.298903	10.347935
1552	6.1188707	11.18371	10.293806
1553	6.0264516	11.068517	10.239677
1554	5.9340324	10.953323	10.185549
1555	5.841613	10.838129	10.131419
1556	5.749193	10.722935	10.077291
1557	5.6567745	10.607742	10.023161
1558	5.564355	10.492548	9.969032
1559	5.4719353	10.377356	9.914904
1560	5.379516	10.262161	9.860774
1561	5.287097	10.146968	9.806645
1562	5.1946774	10.031774	9.752517
1563	5.1022577	9.916581	9.698387
1564	5.0098386	9.801387	9.6442585
1565	4.917419	9.686193	9.590129
1566	9.191935	8.519097	11.214
1567	9.1418705	8.673193	11.214
1568	9.091806	8.82729	11.214
1569	9.041741	8.981387	11.214
1570	8.991677	9.135484	11.214001
1571	8.941612	9.28958	11.214
1572	8.891548	9.443677	11.213999
1573	8.841484	9.5977745	11.214
1574	8.79142	9.751871	11.214001
1575	8.741354	9.905968	11.214
1576	8.69129	10.060064	11.214
1577	8.641226	10.214161	11.214
1578	8.591162	10.368258	11.214001
1579	8.541097	10.522354	11.214
1580	8.491032	10.676451	11.214
1581	8.440968	10.830548	11.214
1582	8.390903	10.984645	11.214
1583	8.340838	11.1387415	11.214
1584	8.290773	11.292839	11.214
1585	8.240709	11.446936	11.214
1586	8.190645	11.601032	11.214
1587	8.140581	11.755129	11.214
1588	8.090516	11.909225	11.214
1589	8.040452	12.063323	11.213999
1590	7.990387	12.21742	11.214
1591	7.940323	12.371516	11.214
1592	7.890258	12.525614	11.214
1593	7.8401937	12.679709	11.214
1594	7.790129	12.833807	11.214
1595	7.7400646	12.987904	11.214
1596			
1597			
1598			
1599			
1600	4.967484	9.532097	9.59013
1601	5.1099677	9.493194	9.6442585
1602	5.252451	9.45429	9.698387
1603	5.3949356	9.415386	9.752517
1604	5.5374193	9.376484	9.806646
1605	5.679903	9.337581	9.860774
1606	5.8223867	9.298677	9.914903
1607	5.9648705	9.259774	9.969032
1608	6.1073546	9.220871	10.023161
1609	6.2498384	9.181968	10.077291
1610	6.3923225	9.1430645	10.131419
1611	6.5348063	9.104161	10.185549
1612	6.67729	9.065258	10.239677
1613	6.8197737	9.026355	10.293806
1614	6.9622574	8.987452	10.347935
1615	7.104742	8.948548	10.402065
1616	7.2472258	8.909645	10.456194
1617	7.3897095	8.870742	10.510323
1618	7.532193	8.831839	10.564451
1619	7.674677	8.792935	10.618581
1620	7.8171606	8.754032	10.672709
1621	7.959645	8.715129	10.726838
1622	8.102129	8.676226	10.780968
1623	8.244612	8.637322	10.835096
1624	8.387096	8.598419	10.889226
1625	8.52958	8.559516	10.943355
1626	8.672064	8.520613	10.997483
1627	8.814548	8.4817095	11.051613
1628	8.957032	8.442806	11.1057415
1629	9.099516	8.403903	11.159871
1630	11.672001	11.710484	11.974646
1631	11.591001	11.598968	11.94929
1632	11.51	11.487451	11.923935
1633	11.429001	11.375935	11.898581
1634	11.348001	11.26442	11.873226
1635	11.267	11.152903	11.847871
1636	11.185999	11.041387	11.8225155
1637	11.105	10.929871	11.797161
1638	11.024	10.818356	11.771807
1639	10.943	10.706839	11.746451
1640	10.8619995	10.595322	11.721096
1641	10.781	10.483807	11.695742
1642	10.700001	10.372291	11.670387
1643	10.6189995	10.260774	11.645033
1644	10.538	10.149258	11.619677
1645	10.457001	10.037742	11.594322
1646	10.375999	9.926226	11.568968
1647	10.295	9.81471	11.5436125
1648	10.214	9.703194	11.518258
1649	10.132999	9.591677	11.492903
1650	10.052	9.480161	11.467548
1651	9.971	9.368645	11.442193
1652	9.889999	9.257129	11.416839
1653	9.809	9.145613	11.391483
1654	9.728	9.034096	11.366129
1655	9.646999	8.922581	11.340774
1656	9.565999	8.811064	11.315418
1657	9.485	8.699548	11.290064
1658	9.403999	8.588032	11.264709
1659	9.323	8.476516	11.239355
1660			
1661			
1662			
1663			
1664	6.911452	5.3932586	8.858582
1665	6.841903	5.5325165	8.881162
1666	6.7723546	5.671774	8.903742
1667	6.7028065	5.8110323	8.926323
1668	6.6332583	5.9502907	8.948904
1669	6.5637097	6.089548	8.971484
1670	6.494161	6.2288065	8.994064
1671	6.4246125	6.368065	9.016645
1672	6.355065	6.5073233	9.039227
1673	6.285516	6.6465807	9.061807
1674	6.2159677	6.785839	9.084387
1675	6.1464195	6.9250965	9.106968
1676	6.076871	7.064355	9.129549
1677	6.0073223	7.2036133	9.152129
1678	5.9377737	7.3428707	9.174709
1679	5.8682256	7.482129	9.19729
1680	5.7986774	7.621387	9.2198715
1681	5.729129	7.7606454	9.242452
1682	5.65958	7.8999033	9.265033
1683	5.5900326	8.039162	9.287613
1684	5.520484	8.178419	9.310194
1685	5.4509354	8.3176775	9.332774
1686	5.3813868	8.456936	9.355355
1687	5.3118386	8.596193	9.377935
1688	5.2422905	8.735452	9.4005165
1689	5.172742	8.87471	9.423097
1690	5.1031933	9.0139675	9.445678
1691	5.033645	9.153226	9.468258
1692	4.9640965	9.292483	9.490839
1693	4.8945484	9.431742	9.513419
1694	9.1690645	8.264646	11.13729
1695	9.096128	8.164289	11.06058
1696	9.023193	8.063935	10.9838705
1697	8.950257	7.9635806	10.907161
1698	8.877322	7.863226	10.830452
1699	8.804387	7.762871	10.753742
1700	8.731451	7.6625156	10.6770315
1701	8.658516	7.5621614	10.600323
1702	8.585581	7.461807	10.523613
1703	8.512645	7.361451	10.446903
1704	8.439709	7.2610965	10.3701935
1705	8.366774	7.160742	10.293484
1706	8.2938385	7.0603876	10.216775
1707	8.220903	6.960032	10.140064
1708	8.147967	6.8596773	10.0633545
1709	8.075032	6.7593226	9.986645
1710	8.002096	6.658968	9.909935
1711	7.929161	6.558613	9.833226
1712	7.8562255	6.4582577	9.7565155
1713	7.7832904	6.3579035	9.679807
1714	7.710355	6.2575483	9.603097
1715	7.637419	6.1571937	9.526388
1716	7.5644836	6.056839	9.449677
1717	7.4915485	5.9564843	9.372969
1718	7.418613	5.8561287	9.296258
1719	7.3456774	5.755774	9.219549
1720	7.2727423	5.6554193	9.142839
1721	7.199806	5.5550647	9.06613
1722	7.126871	5.45471	8.98942
1723	7.053935	5.354355	8.91271
1690			
1691			
1692			
1693			
1728	4.7634516	9.474323	9.428259
1729	4.701903	9.3776455	9.320517
1730	4.6403546	9.280968	9.212774
1731	4.5788064	9.18429	9.105033
1732	4.517258	9.087613	8.997292
1733	4.4557095	8.990935	8.889548
1734	4.394161	8.894258	8.781806
1735	4.3326125	8.797581	8.674065
1736	4.2710648	8.700904	8.566323
1737	4.209516	8.604225	8.458581
1738	4.1479673	8.507548	8.350839
1739	4.086419	8.4108715	8.243097
1740	4.024871	8.314194	8.135355
1741	3.9633226	8.217516	8.027613
1742	3.901774	8.120838	7.919871
1743	3.8402257	8.024161	7.812129
1744	3.7786775	7.927484	7.704387
1745	3.7171292	7.8308063	7.5966454
1746	3.6555805	7.734129	7.488903
1747	3.5940323	7.6374516	7.3811617
1748	3.532484	7.5407743	7.2734194
1749	3.4709353	7.4440966	7.165677
1750	3.409387	7.3474193	7.0579357
1751	3.3478386	7.250742	6.9501934
1752	3.2862902	7.154064	6.8424516
1753	3.224742	7.057387	6.73471
1754	3.1631935	6.9607096	6.626968
1755	3.1016452	6.8640323	6.519226
1756	3.0400968	6.767355	6.411484
1757	2.9785485	6.670677	6.3037424
1758	3.048097	6.5314193	6.281162
1759	3.1791935	6.4888387	6.3663225
1760	3.3102903	6.4462576	6.4514837
1761	3.4413872	6.4036775	6.5366454
1762	3.572484	6.361097	6.6218066
1763	3.7035806	6.3185163	6.706968
1764	3.8346772	6.275935	6.792129
1765	3.965774	6.2333546	6.8772907
1766	4.096871	6.1907744	6.962452
1767	4.2279677	6.1481934	7.047613
1768	4.3590646	6.1056128	7.1327744
1769	4.4901614	6.063032	7.2179356
1770	4.621258	6.0204515	7.3030972
1771	4.7523546	5.977871	7.3882585
1772	4.8834515	5.9352903	7.473419
1773	5.0145483	5.8927097	7.5585814
1774	5.145645	5.850129	7.643742
1775	5.2767415	5.8075485	7.728904
1776	5.407839	5.764968	7.814065
1777	5.5389357	5.7223873	7.899226
1778	5.670032	5.6798067	7.9843874
1779	5.801129	5.637226	8.069549
1780	5.9322257	5.5946455	8.15471
1781	6.0633225	5.552065	8.239872
1782	6.1944194	5.509484	8.325032
1783	6.3255157	5.466903	8.410194
1784	6.456613	5.4243226	8.495356
1785	6.5877094	5.381742	8.580517
1786	6.7188063	5.3391614	8.665678
1787	6.8499026	5.296581	8.750839
1788			
1789			
1790			
1791			
1792	1.6266129	10.831967	6.3037424
1793	1.7332257	10.789935	6.411484
1794	1.8398385	10.747903	6.5192256
1795	1.9464517	10.70587	6.626968
1796	2.0530646	10.663838	6.7347097
1797	2.1596775	10.621806	6.8424516
1798	2.2662902	10.579774	6.9501934
1799	2.372903	10.537742	7.0579357
1800	2.479516	10.49571	7.1656775
1801	2.586129	10.453677	7.2734194
1802	2.6927419	10.411645	7.381161
1803	2.7993548	10.369613	7.488903
1804	2.9059677	10.327581	7.5966454
1805	3.0125804	10.285548	7.704387
1806	3.1191933	10.243515	7.812129
1807	3.2258062	10.201484	7.9198713
1808	3.3324194	10.1594515	8.027613
1809	3.439032	10.117419	8.135355
1810	3.545645	10.075387	8.243097
1811	3.652258	10.033355	8.350839
1812	3.7588708	9.9913225	8.458581
1813	3.8654838	9.94929	8.566322
1814	3.9720964	9.907258	8.674065
1815	4.0787096	9.865226	8.781807
1816	4.1853228	9.823194	8.889548
1817	4.2919354	9.781161	8.997291
1818	4.398548	9.739128	9.105033
1819	4.505161	9.697098	9.212774
1820	4.611774	9.655065	9.320517
1821	4.7183867	9.613032	9.428258
1822	2.8719356	6.71271	6.1960006
1823	2.826871	6.8514194	6.196
1824	2.7818065	6.9901285	6.1959996
1825	2.736742	7.1288385	6.196
1826	2.6916776	7.2675486	6.196
1827	2.646613	7.4062576	6.196
1828	2.6015482	7.5449677	6.196
1829	2.5564837	7.683677	6.196
1830	2.5114195	7.822387	6.196
1831	2.4663548	7.961097	6.196
1832	2.4212904	8.099806	6.196
1833	2.376226	8.238516	6.196
1834	2.3311615	8.377226	6.196
1835	2.2860968	8.515936	6.196
1836	2.2410321	8.654644	6.196
1837	2.1959677	8.793354	6.196
1838	2.1509032	8.932064	6.196
1839	2.1058388	9.070774	6.196
1840	2.060774	9.209484	6.196
1841	2.0157096	9.348193	6.196
1842	1.9706452	9.486902	6.196
1843	1.9255806	9.625612	6.196
1844	1.880516	9.764322	6.196
1845	1.8354516	9.903032	6.196
1846	1.7903872	10.041742	6.196
1847	1.7453227	10.180451	6.196
1848	1.7002581	10.31916	6.196
1849	1.6551936	10.4578705	6.196
1850	1.610129	10.5965805	6.196
1851	1.5650645	10.73529	6.196
1852			
1853			
1854			
1855			
1856	4.7994194	9.724549	9.51342
1857	4.7738385	9.878097	9.490839
1858	4.7482576	10.031646	9.468258
1859	4.722677	10.185193	9.445678
1860	4.697097	10.338742	9.423098
1861	4.671516	10.4922905	9.4005165
1862	4.645935	10.645839	9.377935
1863	4.6203547	10.799387	9.355355
1864	4.5947742	10.952936	9.332775
1865	4.5691934	11.106483	9.310194
1866	4.5436125	11.260033	9.287613
1867	4.518032	11.413581	9.265033
1868	4.4924517	11.567129	9.242453
1869	4.466871	11.720677	9.2198715
1870	4.44129	11.874226	9.19729
1871	4.4157095	12.027775	9.17471
1872	4.390129	12.181323	9.152129
1873	4.3645487	12.334871	9.129549
1874	4.338968	12.4884205	9.106968
1875	4.313387	12.641968	9.084388
1876	4.2878065	12.795517	9.061807
1877	4.2622256	12.949065	9.039227
1878	4.236645	13.102613	9.016645
1879	4.2110643	13.256162	8.994065
1880	4.185484	13.40971	8.971484
1881	4.1599035	13.563258	8.948904
1882	4.1343226	13.716806	8.926323
1883	4.1087418	13.870355	8.903743
1884	4.0831614	14.023904	8.881162
1885	4.0575805	14.177452	8.858582
1886	3.9509678	14.219484	8.750839
1887	3.8699355	14.107968	8.665678
1888	3.7889032	13.996451	8.580517
1889	3.7078712	13.884935	8.495356
1890	3.626839	13.77342	8.410194
1891	3.5458064	13.661903	8.325032
1892	3.4647741	13.550387	8.239871
1893	3.3837419	13.438871	8.15471
1894	3.3027098	13.327356	8.06955
1895	3.2216775	13.215839	7.9843874
1896	3.140645	13.104322	7.899226
1897	3.059613	12.992807	7.814065
1898	2.978581	12.881291	7.728904
1899	2.8975482	12.769774	7.643742
1900	2.8165162	12.6582575	7.558581
1901	2.735484	12.5467415	7.473419
1902	2.6544516	12.4352255	7.3882585
1903	2.5734193	12.3237095	7.3030972
1904	2.492387	12.2121935	7.2179356
1905	2.4113548	12.1006775	7.1327744
1906	2.3303225	11.989161	7.047613
1907	2.2492905	11.8776455	6.962452
1908	2.1682582	11.766129	6.8772907
1909	2.087226	11.654613	6.7921295
1910	2.0061936	11.543097	6.706968
1911	1.9251614	11.431581	6.621807
1912	1.8441291	11.320064	6.5366454
1913	1.7630968	11.208549	6.4514837
1914	1.6820645	11.097032	6.3663225
1915	1.6010323	10.985516	6.281162
1916			
1917			
1918			
1919			
1920	5.3624835	3.2498064	5.393742
1921	5.280967	3.3606129	5.420484
1922	5.1994514	3.471419	5.4472256
1923	5.117935	3.5822258	5.4739676
1924	5.0364194	3.6930323	5.50071
1925	4.9549026	3.8038385	5.527452
1926	4.873387	3.914645	5.5541935
1927	4.791871	4.0254517	5.5809355
1928	4.710355	4.136258	5.607678
1929	4.6288385	4.2470646	5.6344194
1930	4.5473223	4.357871	5.6611614
1931	4.4658065	4.4686775	5.6879034
1932	4.3842907	4.579484	5.7146454
1933	4.302774	4.6902905	5.7413874
1934	4.221258	4.8010964	5.7681293
1935	4.139742	4.911903	5.794871
1936	4.0582256	5.02271	5.8216133
1937	3.9767098	5.133516	5.8483553
1938	3.8951936	5.244323	5.875097
1939	3.8136773	5.355129	5.901839
1940	3.7321613	5.4659357	5.9285808
1941	3.6506453	5.5767417	5.9553223
1942	3.569129	5.687548	5.9820647
1943	3.4876127	5.7983546	6.008806
1944	3.4060967	5.909161	6.035548
1945	3.3245807	6.0199676	6.0622907
1946	3.2430644	6.130774	6.0890326
1947	3.1615484	6.2415805	6.115774
1948	3.0800323	6.352387	6.142516
1949	2.998516	6.4631934	6.169258
1950	6.9314194	5.185775	8.724097
1951	6.881839	5.1175485	8.612194
1952	6.8322577	5.0493226	8.500291
1953	6.7826777	4.9810967	8.388388
1954	6.733097	4.9128714	8.2764845
1955	6.6835165	4.844645	8.164581
1956	6.633935	4.7764196	8.052678
1957	6.5843544	4.708194	7.9407744
1958	6.5347743	4.639968	7.8288717
1959	6.4851933	4.571742	7.716968
1960	6.4356127	4.503516	7.605065
1961	6.386032	4.4352903	7.493161
1962	6.3364515	4.3670645	7.381259
1963	6.286871	4.2988386	7.269355
1964	6.2372904	4.2306128	7.1574516
1965	6.18771	4.1623874	7.0455484
1966	6.1381288	4.094161	6.9336452
1967	6.088548	4.0259356	6.821742
1968	6.0389676	3.9577098	6.709839
1969	5.989387	3.889484	6.5979357
1970	5.9398065	3.821258	6.4860325
1971	5.8902254	3.7530322	6.3741293
1972	5.8406453	3.6848063	6.262226
1973	5.7910643	3.6165807	6.150323
1974	5.7414837	3.5483546	6.0384197
1975	5.691903	3.480129	5.9265165
1976	5.642322	3.4119034	5.814613
1977	5.592742	3.3436773	5.70271
1978	5.543161	3.2754517	5.5908065
1979	5.493581	3.207226	5.478904
1980			
1981			
1982			
1983			
1984	1.5208064	11.01158	6.1692586
1985	1.5216129	11.14916	6.142516
1986	1.5224192	11.286741	6.115774
1987	1.5232258	11.424322	6.0890326
1988	1.5240324	11.561903	6.06229
1989	1.5248387	11.699484	6.035548
1990	1.525645	11.837064	6.008806
1991	1.5264516	11.974645	5.9820647
1992	1.527258	12.1122265	5.9553227
1993	1.5280645	12.249805	5.9285808
1994	1.5288708	12.387386	5.901839
1995	1.5296774	12.524967	5.875097
1996	1.530484	12.662548	5.8483553
1997	1.5312903	12.800129	5.8216133
1998	1.5320966	12.937709	5.794871
1999	1.5329032	13.075291	5.7681293
2000	1.5337096	13.212872	5.7413874
2001	1.5345161	13.350451	5.7146454
2002	1.5353225	13.488031	5.6879034
2003	1.536129	13.625612	5.6611614
2004	1.5369354	13.763194	5.6344194
2005	1.5377419	13.900774	5.6076775
2006	1.5385484	14.038355	5.5809355
2007	1.5393548	14.175936	5.5541935
2008	1.5401613	14.313516	5.527452
2009	1.5409677	14.451097	5.5007095
2010	1.5417743	14.588676	5.4739676
2011	1.5425806	14.726257	5.447226
2012	1.543387	14.863839	5.420484
2013	1.5441935	15.001419	5.393742
2014			
2015			
2016			
2017			
2018			
2019			
2020			
2021			
2022			
2023			
2024			
2025			
2026			
2027			
2028			
2029			
2030			
2031			
2032			
2033			
2034			
2035			
2036			
2037			
2038			
2039			
2040			
2041			
2042			
2043			
2044			
2045			
2046			
2047			
2048	9.323	8.241516	11.15987
2049	9.403999	8.1180315	11.1057415
2050	9.485	7.994548	11.051613
2051	9.565999	7.871064	10.997483
2052	9.646999	7.747581	10.943356
2053	9.728	7.6240964	10.889226
2054	9.808999	7.5006123	10.835096
2055	9.889999	7.377129	10.780968
2056	9.971001	7.2536454	10.726839
2057	10.052	7.1301613	10.672709
2058	10.132999	7.006677	10.61858
2059	10.214	6.8831935	10.564451
2060	10.295	6.7597103	10.510323
2061	10.375999	6.6362257	10.456194
2062	10.457	6.5127416	10.402064
2063	10.538	6.3892584	10.347935
2064	10.6189995	6.265774	10.293806
2065	10.7	6.14229	10.239677
2066	10.781	6.0188065	10.185549
2067	10.8619995	5.895323	10.131419
2068	10.943	5.7718387	10.077291
2069	11.024	5.648355	10.023161
2070	11.105	5.524871	9.969032
2071	11.186	5.401387	9.914904
2072	11.267	5.2779036	9.860774
2073	11.348001	5.1544194	9.806645
2074	11.429001	5.0309353	9.752517
2075	11.51	4.907452	9.698387
2076	11.591001	4.783968	9.6442585
2077	11.672	4.660484	9.590129
2078	14.102968	8.365	11.214
2079	13.940936	8.365	11.214
2080	13.778903	8.365	11.214
2081	13.616872	8.365	11.214
2082	13.45484	8.365	11.214001
2083	13.292807	8.365	11.214
2084	13.130774	8.365	11.213999
2085	12.968742	8.365	11.214
2086	12.80671	8.365	11.214001
2087	12.644677	8.365	11.214
2088	12.482645	8.365	11.214
2089	12.320613	8.365	11.214
2090	12.158581	8.365	11.214001
2091	11.996549	8.365	11.214
2092	11.834517	8.365	11.214
2093	11.672483	8.365	11.214
2094	11.510451	8.365	11.214
2095	11.348419	8.365	11.214
2096	11.186387	8.365	11.214
2097	11.024355	8.365	11.214
2098	10.862322	8.365	11.214
2099	10.700291	8.365	11.214
2100	10.538258	8.365	11.214
2101	10.376225	8.365	11.213999
2102	10.214193	8.365	11.214
2103	10.052161	8.365	11.214
2104	9.890128	8.365	11.214
2105	9.728097	8.365	11.214
2106	9.566064	8.365	11.214
2107	9.404033	8.365	11.214
2108			
2109			
2110			
2111			
2112	11.834033	4.6604843	9.59013
2113	11.915065	4.783968	9.6442585
2114	11.996097	4.9074516	9.698387
2115	12.077129	5.0309353	9.752517
2116	12.158161	5.1544194	9.806646
2117	12.239193	5.2779036	9.860774
2118	12.320225	5.401387	9.914903
2119	12.401258	5.524871	9.969032
2120	12.48229	5.648355	10.023161
2121	12.563323	5.7718387	10.077291
2122	12.644355	5.895323	10.131419
2123	12.725388	6.0188065	10.185549
2124	12.806419	6.1422906	10.239677
2125	12.887451	6.265774	10.293806
2126	12.968483	6.3892574	10.347935
2127	13.049517	6.512742	10.402065
2128	13.1305485	6.6362257	10.456194
2129	13.21158	6.75971	10.510323
2130	13.292613	6.8831935	10.564451
2131	13.373646	7.006677	10.618581
2132	13.454678	7.1301613	10.672709
2133	13.53571	7.253645	10.726838
2134	13.616742	7.377129	10.780968
2135	13.697775	7.5006127	10.835096
2136	13.778807	7.6240964	10.889226
2137	13.8598385	7.7475805	10.943355
2138	13.940871	7.871064	10.997483
2139	14.021903	7.994548	11.051613
2140	14.102936	8.1180315	11.1057415
2141	14.183968	8.241515	11.159871
2142	11.834033	11.710484	11.974646
2143	11.915065	11.598968	11.94929
2144	11.996097	11.487451	11.923935
2145	12.077129	11.375935	11.898581
2146	12.158161	11.26442	11.873226
2147	12.239193	11.152903	11.847871
2148	12.320225	11.041387	11.8225155
2149	12.401258	10.929871	11.797161
2150	12.48229	10.818356	11.771807
2151	12.563323	10.706839	11.746451
2152	12.644355	10.595322	11.721096
2153	12.725388	10.483807	11.695742
2154	12.806419	10.372291	11.670387
2155	12.887451	10.260774	11.645033
2156	12.968483	10.149258	11.619677
2157	13.049517	10.037742	11.594322
2158	13.1305485	9.926226	11.568968
2159	13.21158	9.81471	11.5436125
2160	13.292613	9.703194	11.518258
2161	13.373646	9.591677	11.492903
2162	13.454678	9.480161	11.467548
2163	13.53571	9.368645	11.442193
2164	13.616742	9.257129	11.416839
2165	13.697775	9.145613	11.391483
2166	13.778807	9.034096	11.366129
2167	13.8598385	8.922581	11.340774
2168	13.940871	8.811064	11.315418
2169	14.021903	8.699548	11.290064
2170	14.102936	8.588032	11.264709
2171	14.183968	8.476516	11.239355
2172			
2173			
2174			
2175			
2176	16.371065	5.230871	8.858582
2177	16.217129	5.207742	8.881162
2178	16.063192	5.1846128	8.903742
2179	15.909257	5.161484	8.926323
2180	15.755322	5.1383553	8.948904
2181	15.601387	5.115226	8.971484
2182	15.447451	5.0920973	8.994064
2183	15.293516	5.068968	9.016645
2184	15.139582	5.0458393	9.039227
2185	14.985645	5.02271	9.061807
2186	14.831709	4.999581	9.084387
2187	14.677773	4.976452	9.106968
2188	14.523839	4.953323	9.129549
2189	14.369904	4.930194	9.152129
2190	14.215967	4.9070644	9.174709
2191	14.062033	4.883936	9.19729
2192	13.908096	4.8608065	9.2198715
2193	13.754162	4.8376775	9.242452
2194	13.600225	4.8145485	9.265033
2195	13.446291	4.7914195	9.287613
2196	13.292355	4.7682905	9.310194
2197	13.138419	4.7451615	9.332774
2198	12.984484	4.7220325	9.355355
2199	12.830548	4.6989036	9.377935
2200	12.676613	4.6757746	9.4005165
2201	12.522678	4.652645	9.423097
2202	12.368742	4.629516	9.445678
2203	12.214807	4.6063876	9.468258
2204	12.060871	4.583258	9.490839
2205	11.906936	4.560129	9.513419
2206	14.337904	8.264646	11.13729
2207	14.410807	8.164289	11.06058
2208	14.483709	8.063935	10.9838705
2209	14.556614	7.9635806	10.907161
2210	14.629517	7.863226	10.830452
2211	14.70242	7.762871	10.753742
2212	14.775322	7.6625156	10.6770315
2213	14.848226	7.5621614	10.600323
2214	14.921129	7.461807	10.523613
2215	14.994032	7.361451	10.446903
2216	15.066936	7.2610965	10.3701935
2217	15.139839	7.160742	10.293484
2218	15.212742	7.0603876	10.216775
2219	15.2856455	6.960032	10.140064
2220	15.358548	6.8596773	10.0633545
2221	15.431452	6.7593226	9.986645
2222	15.5043545	6.658968	9.909935
2223	15.577257	6.558613	9.833226
2224	15.650161	6.4582577	9.7565155
2225	15.723064	6.3579035	9.679807
2226	15.795968	6.2575483	9.603097
2227	15.868871	6.1571937	9.526388
2228	15.941774	6.056839	9.449677
2229	16.014677	5.9564843	9.372969
2230	16.08758	5.8561287	9.296258
2231	16.160482	5.755774	9.219549
2232	16.233387	5.6554193	9.142839
2233	16.30629	5.5550647	9.06613
2234	16.379194	5.45471	8.98942
2235	16.452097	5.354355	8.91271
2236			
2237			
2238			
2239			
2240	11.825936	4.448613	9.428259
2241	11.898871	4.3602257	9.320517
2242	11.971807	4.271839	9.212774
2243	12.044743	4.1834517	9.105033
2244	12.117678	4.0950646	8.997292
2245	12.190613	4.0066776	8.889548
2246	12.263548	3.9182904	8.781806
2247	12.336484	3.8299034	8.674065
2248	12.40942	3.7415164	8.566323
2249	12.482355	3.653129	8.458581
2250	12.55529	3.564742	8.350839
2251	12.628226	3.476355	8.243097
2252	12.701162	3.387968	8.135355
2253	12.774097	3.2995808	8.027613
2254	12.847033	3.2111936	7.919871
2255	12.919968	3.1228065	7.812129
2256	12.992903	3.0344195	7.704387
2257	13.065839	2.9460325	7.5966454
2258	13.138774	2.8576453	7.488903
2259	13.21171	2.769258	7.3811617
2260	13.284645	2.680871	7.2734194
2261	13.357581	2.592484	7.165677
2262	13.430516	2.504097	7.0579357
2263	13.503452	2.41571	6.9501934
2264	13.576387	2.3273227	6.8424516
2265	13.6493225	2.2389355	6.73471
2266	13.722258	2.1505485	6.626968
2267	13.795194	2.0621614	6.519226
2268	13.868129	1.9737743	6.411484
2269	13.941065	1.8853872	6.3037424
2270	14.095	1.9085163	6.281162
2271	14.176	2.0200324	6.3663225
2272	14.257	2.1315484	6.4514837
2273	14.337999	2.2430644	6.5366454
2274	14.419001	2.3545809	6.6218066
2275	14.5	2.4660969	6.706968
2276	14.580999	2.5776129	6.792129
2277	14.662	2.689129	6.8772907
2278	14.743	2.8006454	6.962452
2279	14.823999	2.9121614	7.047613
2280	14.905	3.0236773	7.1327744
2281	14.986	3.1351938	7.2179356
2282	15.067	3.2467098	7.3030972
2283	15.148	3.3582258	7.3882585
2284	15.229	3.4697418	7.473419
2285	15.309999	3.581258	7.5585814
2286	15.391	3.6927745	7.643742
2287	15.472	3.8042903	7.728904
2288	15.5529995	3.9158065	7.814065
2289	15.634001	4.027323	7.899226
2290	15.715	4.138839	7.9843874
2291	15.796	4.250355	8.069549
2292	15.877	4.3618712	8.15471
2293	15.957999	4.4733872	8.239872
2294	16.039	4.5849032	8.325032
2295	16.119999	4.6964192	8.410194
2296	16.201	4.8079357	8.495356
2297	16.282	4.9194517	8.580517
2298	16.362999	5.0309677	8.665678
2299	16.444	5.1424837	8.750839
2300			
2301			
2302			
2303			
2304	9.564936	1.8853872	6.3037424
2305	9.637871	1.9737743	6.411484
2306	9.710806	2.0621614	6.5192256
2307	9.783741	2.1505485	6.626968
2308	9.856678	2.2389355	6.7347097
2309	9.929613	2.3273227	6.8424516
2310	10.002548	2.4157097	6.9501934
2311	10.075483	2.504097	7.0579357
2312	10.148419	2.592484	7.1656775
2313	10.2213545	2.680871	7.2734194
2314	10.29429	2.769258	7.381161
2315	10.367226	2.8576453	7.488903
2316	10.440162	2.9460325	7.5966454
2317	10.513097	3.0344195	7.704387
2318	10.586032	3.1228063	7.812129
2319	10.658968	3.2111936	7.9198713
2320	10.731903	3.2995808	8.027613
2321	10.804839	3.3879676	8.135355
2322	10.877774	3.476355	8.243097
2323	10.950709	3.564742	8.350839
2324	11.023645	3.653129	8.458581
2325	11.0965805	3.741516	8.566322
2326	11.169516	3.8299034	8.674065
2327	11.242451	3.9182906	8.781807
2328	11.315387	4.0066776	8.889548
2329	11.388323	4.0950646	8.997291
2330	11.461259	4.1834517	9.105033
2331	11.534194	4.271839	9.212774
2332	11.607129	4.3602257	9.320517
2333	11.680064	4.4486127	9.428258
2334	9.637871	1.7970002	6.1960006
2335	9.783742	1.797	6.196
2336	9.929612	1.797	6.1959996
2337	10.075483	1.797	6.196
2338	10.221355	1.797	6.196
2339	10.367226	1.797	6.196
2340	10.513096	1.797	6.196
2341	10.658968	1.797	6.196
2342	10.804838	1.797	6.196
2343	10.950709	1.7969999	6.196
2344	11.0965805	1.7969999	6.196
2345	11.242452	1.797	6.196
2346	11.388323	1.7970002	6.196
2347	11.534193	1.797	6.196
2348	11.680064	1.7969999	6.196
2349	11.825935	1.797	6.196
2350	11.971806	1.797	6.196
2351	12.117678	1.797	6.196
2352	12.263548	1.797	6.196
2353	12.409419	1.7969999	6.196
2354	12.55529	1.7969999	6.196
2355	12.701161	1.7970002	6.196
2356	12.847033	1.797	6.196
2357	12.992903	1.797	6.196
2358	13.138774	1.797	6.196
2359	13.284645	1.797	6.196
2360	13.430516	1.797	6.196
2361	13.576387	1.7970002	6.196
2362	13.722258	1.797	6.196
2363	13.868129	1.797	6.196
2364			
2365			
2366			
2367			
2368	7.1349354	5.230871	8.858582
2369	7.288871	5.207742	8.881162
2370	7.4428062	5.1846128	8.903742
2371	7.596742	5.161484	8.926323
2372	7.7506776	5.1383553	8.948904
2373	7.904613	5.115226	8.971484
2374	8.058548	5.0920973	8.994064
2375	8.212483	5.068968	9.016645
2376	8.36642	5.0458393	9.039227
2377	8.520355	5.02271	9.061807
2378	8.67429	4.999581	9.084387
2379	8.828226	4.976452	9.106968
2380	8.9821615	4.953323	9.129549
2381	9.136097	4.930194	9.152129
2382	9.290032	4.9070644	9.174709
2383	9.443968	4.883936	9.19729
2384	9.597903	4.8608065	9.2198715
2385	9.751839	4.8376775	9.242452
2386	9.905775	4.8145485	9.265033
2387	10.05971	4.7914195	9.287613
2388	10.213646	4.7682905	9.310194
2389	10.36758	4.7451615	9.332774
2390	10.521516	4.7220325	9.355355
2391	10.675451	4.6989036	9.377935
2392	10.829387	4.6757746	9.4005165
2393	10.983323	4.652645	9.423097
2394	11.137259	4.629516	9.445678
2395	11.291194	4.6063876	9.468258
2396	11.445129	4.583258	9.490839
2397	11.599065	4.560129	9.513419
2398	7.062	5.142484	8.750839
2399	7.143	5.0309677	8.665678
2400	7.2239995	4.9194517	8.580517
2401	7.3050003	4.8079357	8.495356
2402	7.386	4.6964197	8.410194
2403	7.467	4.5849032	8.325032
2404	7.5479994	4.4733872	8.239871
2405	7.6289997	4.3618712	8.15471
2406	7.71	4.2503552	8.06955
2407	7.7909994	4.138839	7.9843874
2408	7.8719997	4.027323	7.899226
2409	7.953	3.9158065	7.814065
2410	8.034	3.8042905	7.728904
2411	8.115	3.6927745	7.643742
2412	8.196	3.581258	7.558581
2413	8.276999	3.469742	7.473419
2414	8.358	3.3582258	7.3882585
2415	8.439	3.2467098	7.3030972
2416	8.52	3.1351938	7.2179356
2417	8.601	3.0236776	7.1327744
2418	8.681999	2.9121614	7.047613
2419	8.763	2.8006454	6.962452
2420	8.844	2.689129	6.8772907
2421	8.924999	2.577613	6.7921295
2422	9.006	2.4660969	6.706968
2423	9.087	2.3545809	6.621807
2424	9.167999	2.2430644	6.5366454
2425	9.249	2.1315486	6.4514837
2426	9.33	2.0200324	6.3663225
2427	9.411	1.9085163	6.281162
2428			
2429			
2430			
2431			
2432	17.93142	3.0957096	5.393742
2433	17.800838	3.0524194	5.420484
2434	17.670258	3.0091288	5.4472256
2435	17.539677	2.9658387	5.4739676
2436	17.409098	2.9225485	5.50071
2437	17.278517	2.879258	5.527452
2438	17.147934	2.8359675	5.5541935
2439	17.017355	2.7926774	5.5809355
2440	16.886776	2.7493873	5.607678
2441	16.756195	2.7060966	5.6344194
2442	16.625612	2.6628065	5.6611614
2443	16.495033	2.6195161	5.6879034
2444	16.364452	2.576226	5.7146454
2445	16.233871	2.5329356	5.7413874
2446	16.10329	2.489645	5.7681293
2447	15.97271	2.4463549	5.794871
2448	15.842129	2.4030645	5.8216133
2449	15.711549	2.359774	5.8483553
2450	15.580967	2.316484	5.875097
2451	15.450388	2.2731936	5.901839
2452	15.319806	2.2299032	5.9285808
2453	15.189226	2.186613	5.9553223
2454	15.058645	2.1433227	5.9820647
2455	14.928064	2.1000323	6.008806
2456	14.797483	2.056742	6.035548
2457	14.6669035	2.0134516	6.0622907
2458	14.536323	1.9701613	6.0890326
2459	14.405743	1.9268711	6.115774
2460	14.275162	1.8835807	6.142516
2461	14.144581	1.8402904	6.169258
2462	16.574581	5.185775	8.724097
2463	16.62416	5.1175485	8.612194
2464	16.673742	5.0493226	8.500291
2465	16.723322	4.9810967	8.388388
2466	16.772903	4.9128714	8.2764845
2467	16.822483	4.844645	8.164581
2468	16.872063	4.7764196	8.052678
2469	16.921646	4.708194	7.9407744
2470	16.971226	4.639968	7.8288717
2471	17.020805	4.571742	7.716968
2472	17.070387	4.503516	7.605065
2473	17.119967	4.4352903	7.493161
2474	17.169548	4.3670645	7.381259
2475	17.219128	4.2988386	7.269355
2476	17.26871	4.2306128	7.1574516
2477	17.31829	4.1623874	7.0455484
2478	17.36787	4.094161	6.9336452
2479	17.417452	4.0259356	6.821742
2480	17.467031	3.9577098	6.709839
2481	17.516613	3.889484	6.5979357
2482	17.566195	3.821258	6.4860325
2483	17.615774	3.7530322	6.3741293
2484	17.665356	3.6848063	6.262226
2485	17.714935	3.6165807	6.150323
2486	17.764517	3.5483546	6.0384197
2487	17.814096	3.480129	5.9265165
2488	17.863678	3.4119034	5.814613
2489	17.913258	3.3436773	5.70271
2490	17.96284	3.2754517	5.5908065
2491	18.01242	3.207226	5.478904
2492			
2493			
2494			
2495			
2496	9.361419	1.8402904	6.1692586
2497	9.230839	1.8835807	6.142516
2498	9.100257	1.9268711	6.115774
2499	8.969677	1.9701613	6.0890326
2500	8.839097	2.0134516	6.06229
2501	8.708516	2.056742	6.035548
2502	8.577935	2.1000323	6.008806
2503	8.447354	2.1433227	5.9820647
2504	8.316774	2.1866128	5.9553227
2505	8.186193	2.2299032	5.9285808
2506	8.055613	2.2731934	5.901839
2507	7.925032	2.316484	5.875097
2508	7.7944517	2.359774	5.8483553
2509	7.663871	2.4030645	5.8216133
2510	7.53329	2.4463549	5.794871
2511	7.4027095	2.4896452	5.7681293
2512	7.2721286	2.5329356	5.7413874
2513	7.141548	2.5762258	5.7146454
2514	7.0109673	2.6195161	5.6879034
2515	6.880387	2.6628065	5.6611614
2516	6.7498064	2.7060966	5.6344194
2517	6.6192255	2.749387	5.6076775
2518	6.488645	2.7926774	5.5809355
2519	6.358064	2.8359675	5.5541935
2520	6.2274833	2.879258	5.527452
2521	6.096903	2.9225483	5.5007095
2522	5.966322	2.9658387	5.4739676
2523	5.835742	3.0091288	5.447226
2524	5.705161	3.0524194	5.420484
2525	5.5745807	3.0957098	5.393742
